timestamp px py pz qx qy qz qw
95.300000000 0.001896123 -0.000145667 -0.000994307 -0.000012751 -0.000026703 -0.000079148 0.999999996
100.000000000 0.085822622 -0.009278467 0.004636270 0.023415907 -0.016095302 -0.000063146 0.999596235
100.100000000 0.133751600 -0.002966031 -0.024446438 0.009206729 0.006619215 -0.007719174 0.999905914
100.300000000 0.229046115 0.019977997 -0.013748103 -0.012900543 0.011034640 -0.004768543 0.999844525
100.500000000 0.282848102 0.028678887 0.004590449 -0.023924975 -0.016154703 -0.019928907 0.999384540
100.600000000 0.320830707 0.027671940 -0.013056905 -0.009546629 0.003185529 -0.007669577 0.999919943
102.000000000 0.827042686 0.006210531 -0.010618841 0.008277779 0.007337108 -0.011049523 0.999877769
102.600000000 1.035813728 0.017213600 -0.015487108 -0.014609053 0.004784744 -0.011348803 0.999817427
103.000000000 1.169581880 0.019968549 -0.021345370 0.001817200 0.004640645 0.017778500 0.999829529
103.100000000 1.213488664 0.040555881 -0.015800936 0.015816950 0.011880596 0.076054868 0.996907384
103.200000000 1.228860086 0.071249453 -0.012000755 0.012898176 -0.011743930 0.132161942 0.991074638
103.300000000 1.252388164 0.091725261 -0.008648762 0.021285597 -0.016819391 0.173216059 0.984510146
103.400000000 1.291840447 0.129812167 -0.030195374 0.003185086 0.008606923 0.195370609 0.980686546
103.500000000 1.330163626 0.159141272 -0.044025842 0.016620611 0.015003671 0.241461649 0.970152007
103.600000000 1.333390857 0.195223755 -0.018934292 0.009462961 -0.008566773 0.285030374 0.958433487
103.700000000 1.354876610 0.226349654 -0.026911730 0.004603716 -0.002391716 0.310211750 0.950653331
103.800000000 1.380879179 0.266279831 -0.031773804 0.002286774 0.010431146 0.346706948 0.937912711
103.900000000 1.394938425 0.302153554 -0.029133951 0.003144253 -0.002882262 0.389406079 0.921056302
104.000000000 1.405438197 0.339153234 -0.004786949 0.011411647 -0.006343210 0.424702813 0.905238675
104.100000000 1.422687801 0.376858585 -0.034297043 0.000817162 0.013815155 0.450026972 0.892907721
104.200000000 1.452983414 0.420201211 -0.049152789 0.014401353 0.027027451 0.488674482 0.871928534
104.300000000 1.451390894 0.446013901 -0.030415927 -0.001793921 -0.004624972 0.508799999 0.860870462
104.500000000 1.491445769 0.505226258 -0.021960202 -0.002935632 0.002737394 0.490700936 0.871318816
104.800000000 1.542905854 0.607735313 -0.023812282 -0.017152965 -0.004130478 0.477686462 0.878353208
105.000000000 1.585840371 0.655031002 -0.028163332 -0.001765100 0.006371923 0.480167568 0.877151862
105.900000000 1.755129639 0.933232144 -0.027487313 -0.014440382 -0.003568198 0.472863285 0.881010248
106.100000000 1.797990387 0.981105811 -0.038781043 0.000130560 0.007721472 0.474326490 0.880315138
107.000000000 1.972250912 1.255312540 -0.027474562 -0.015094172 -0.002737670 0.469517122 0.882790090
107.200000000 2.020370694 1.301186980 -0.035990143 0.002391718 0.008067762 0.459978978 0.887889932
107.300000000 2.063868545 1.321141829 -0.023167797 -0.005191946 0.006628491 0.411557458 0.911344921
107.400000000 2.103286860 1.330208615 -0.027048782 -0.001564537 -0.001785919 0.364805012 0.931080913
107.500000000 2.142648274 1.337546191 -0.009355600 0.000196415 -0.003424536 0.321766745 0.946812757
107.600000000 2.175424606 1.347093796 -0.032543842 0.000134062 0.006929003 0.294255911 0.955701538
107.700000000 2.221065908 1.360501167 -0.023040660 -0.009058518 0.004326471 0.254951664 0.966901688
107.800000000 2.254128026 1.358564559 -0.018022307 -0.000401889 -0.003158793 0.220695404 0.975337582
107.900000000 2.293272456 1.359663853 -0.025068714 0.001815631 -0.000947186 0.182637429 0.983178202
108.000000000 2.330247306 1.365780936 -0.030914054 -0.008538719 0.009471661 0.148498542 0.988830400
108.100000000 2.371812670 1.371165058 -0.027812730 -0.017230345 -0.000901896 0.110188856 0.993760896
108.200000000 2.400602345 1.352552210 -0.009364407 -0.008027443 -0.012511747 0.070679108 0.997388330
108.300000000 2.436276278 1.345911226 -0.032088233 -0.003854171 0.006303815 0.056991295 0.998347334
108.600000000 2.552500941 1.357730853 -0.020141934 0.011970278 0.010643238 0.078286681 0.996802202
108.700000000 2.574604566 1.367779019 -0.020452596 0.005445464 -0.004414475 0.089240359 0.995985451
109.200000000 2.750152081 1.413684583 -0.027795365 -0.012467696 0.002663832 0.084549246 0.996337737
109.700000000 2.930104245 1.422427116 -0.026223525 0.012153766 0.011990388 0.085045378 0.996230797
109.800000000 2.949828669 1.431879198 -0.020413360 0.008548123 -0.005928268 0.095774761 0.995348673
110.300000000 3.133075012 1.473457419 -0.030204812 -0.010613498 0.001292236 0.091496750 0.995747974
110.800000000 3.309888887 1.474191307 -0.024996279 0.013015326 0.011672026 0.043715104 0.998891063
110.900000000 3.337295297 1.464903724 -0.025251107 0.004364639 -0.001177099 0.009516935 0.999944495
111.000000000 3.379052677 1.447294297 -0.025661429 -0.007907001 0.006515211 -0.044837367 0.998941761
111.100000000 3.404174024 1.420150615 -0.021986853 -0.002555842 -0.004497294 -0.091179252 0.995821061
111.200000000 3.437280374 1.395942985 -0.022285896 -0.002380632 -0.006066659 -0.130922978 0.991371122
111.300000000 3.474136309 1.375323458 -0.030665005 -0.005496492 0.011849040 -0.163220120 0.986503209
111.400000000 3.503610766 1.349412364 -0.025773837 -0.012017849 0.005560540 -0.212033688 0.977172639
111.500000000 3.514857631 1.315619112 -0.003771092 -0.010052609 -0.009762894 -0.253207313 0.967310543
111.600000000 3.540420289 1.292074684 -0.030363524 0.000252845 0.006228250 -0.262655792 0.964869463
111.900000000 3.644530912 1.235494745 -0.020696566 0.017770131 0.007149405 -0.243340343 0.969751817
112.000000000 3.672940323 1.229606885 -0.022572442 0.000377609 -0.001049118 -0.235059137 0.971980431
112.500000000 3.834783812 1.150393982 -0.034083622 -0.014411760 0.008978542 -0.244416536 0.969521657
112.700000000 3.889366776 1.115280514 -0.043229714 0.003353497 0.006347120 -0.242700454 0.970074718
113.600000000 4.174388688 0.967337610 -0.034730435 -0.015120053 0.008558907 -0.249572994 0.968200108
113.800000000 4.226940824 0.935670259 -0.051071117 0.002076848 0.005603097 -0.246745421 0.969061912
114.700000000 4.511334842 0.779094072 -0.039896392 -0.014381226 0.008307214 -0.252976464 0.967329871
114.900000000 4.560521701 0.741991708 -0.042684189 0.003415930 0.005557987 -0.251054097 0.967951073
115.800000000 4.843296128 0.589668329 -0.016709085 -0.016451940 0.008878815 -0.258782829 0.965754600
116.000000000 4.892978184 0.552788170 -0.027625036 0.003567996 0.005681128 -0.256945357 0.966402648
116.900000000 5.178884645 0.406859582 -0.035963102 -0.012294475 0.008696129 -0.233439112 0.972254804
117.000000000 5.211370747 0.407293479 -0.023596709 -0.000724286 0.001440411 -0.189081487 0.981960077
117.100000000 5.250069722 0.408567361 -0.037479703 0.006462832 -0.000110870 -0.147393124 0.989056867
117.200000000 5.286645632 0.412292130 -0.019875105 0.005854425 -0.005991632 -0.123188451 0.992347939
117.600000000 5.427181055 0.372613365 -0.022819040 -0.004436959 0.001400323 -0.138619988 0.990334717
118.300000000 5.668687938 0.330894687 -0.032760705 -0.006509040 0.006778091 -0.095388276 0.995395784
118.400000000 5.702414479 0.337956715 -0.039934382 -0.000574446 0.002447587 -0.061028666 0.998132848
118.500000000 5.745753610 0.326990881 -0.033569299 0.015502804 0.010029326 -0.050396791 0.998558581
118.600000000 5.771805018 0.326816057 -0.031345378 0.004710894 -0.006565548 -0.044304969 0.998985371
118.800000000 5.838512868 0.318802777 -0.034066568 -0.000661306 0.004435597 -0.057469956 0.998337164
119.200000000 5.974993443 0.308517942 -0.014553758 -0.011963660 -0.007055138 -0.066444057 0.997693482
119.300000000 6.012822886 0.298852116 -0.038121448 -0.000437090 0.005917628 -0.061165614 0.998109993
119.700000000 6.149538244 0.288933484 -0.028844630 0.006917471 -0.003770104 -0.043449046 0.999024582
119.800000000 6.185217005 0.303994061 -0.018917207 0.005957373 -0.008583757 0.001913890 0.999943581
119.900000000 6.222886441 0.315477816 -0.038609110 0.004003929 0.007230662 0.026870899 0.999604742
120.200000000 6.331476768 0.337347486 -0.045039991 -0.013127941 0.003143196 0.028485687 0.999503048
120.700000000 6.509965324 0.326043505 -0.027150324 0.009542075 0.008994376 0.022193996 0.999667683
120.800000000 6.532164907 0.331499339 -0.028854278 0.008513533 -0.006740996 0.029917206 0.999493391
121.300000000 6.713229343 0.349138057 -0.038836242 -0.012062141 0.002723724 0.022698038 0.999665887
121.800000000 6.894229363 0.338837896 -0.027244995 0.010600453 0.009698625 0.022664152 0.999639887
121.900000000 6.918243143 0.343939788 -0.028449322 0.008924357 -0.006704902 0.029731117 0.999495603
122.100000000 6.990531558 0.345567914 -0.034141870 0.002447058 0.006176371 0.017571786 0.999823533
122.200000000 7.033020586 0.330575126 -0.035198949 0.008810607 0.004728290 -0.011606297 0.999882648
122.300000000 7.065917163 0.321754133 -0.035593287 -0.006817312 0.008237840 -0.055154147 0.998420594
122.400000000 7.100866084 0.304883882 -0.038350118 -0.017238628 0.005471727 -0.100163486 0.994806597
122.700000000 7.201329737 0.286154461 -0.034467726 -0.008745843 0.009536670 -0.084634991 0.996327998
123.600000000 7.510122204 0.234136223 -0.020327393 -0.012188649 -0.007821248 -0.096078112 0.995268437
123.700000000 7.545935036 0.228568969 -0.047768973 -0.000249106 0.004723758 -0.090802461 0.995857689
124.700000000 7.883760501 0.174350191 -0.019703459 -0.010295746 -0.003127296 -0.062859973 0.997964349
124.800000000 7.922168429 0.184066181 -0.042181630 0.000114658 0.007708529 -0.022111167 0.999725793
124.900000000 7.960505346 0.206658269 -0.024200375 -0.003715422 0.002720572 0.022415877 0.999738127
125.100000000 8.038486109 0.207050822 -0.030203427 0.011375684 0.011176737 0.025427341 0.999549461
125.200000000 8.062477179 0.213197105 -0.030091749 0.006313008 -0.007251754 0.029073607 0.999531032
125.400000000 8.132767416 0.213147941 -0.038402300 0.001883901 0.005974001 0.017572829 0.999825964
128.300000000 9.148247243 0.253724165 -0.048596491 -0.000741025 0.004856569 0.020120638 0.999785489
128.600000000 9.243341833 0.254425125 -0.021024258 0.010717633 -0.008555453 0.026582508 0.999552553
128.700000000 9.276936899 0.259810628 -0.036044511 0.001674000 0.005901296 0.022464440 0.999728824
130.200000000 9.804367466 0.285656152 -0.022776126 -0.010948017 -0.007222472 0.017899506 0.999753762
130.600000000 9.948030108 0.281553672 -0.029848431 0.006845036 0.007265702 0.021005068 0.999729535
131.200000000 10.160387014 0.306756406 -0.045536525 -0.012659666 0.002986180 0.022058216 0.999672072
131.700000000 10.341272764 0.295110148 -0.030025065 0.008656323 0.009649463 0.022040394 0.999673035
132.300000000 10.547896180 0.321399916 -0.041447444 -0.016680025 0.003253166 0.022256358 0.999607847
132.800000000 10.721998904 0.311621625 -0.017034844 0.008726450 0.009954627 0.021740825 0.999675993
132.900000000 10.746000633 0.316311577 -0.024333097 0.008013860 -0.007061282 0.029729434 0.999500914
133.400000000 10.923863400 0.337735016 -0.043382477 -0.013615155 0.002650226 0.022706773 0.999645940
133.900000000 11.103425177 0.326896761 -0.027619176 0.010747735 0.010742741 0.022624966 0.999628526
134.000000000 11.128532462 0.331175864 -0.031360484 0.008354115 -0.007460523 0.029987911 0.999487506
134.500000000 11.307194801 0.352445156 -0.040569559 -0.013163647 0.002432396 0.023626847 0.999631219
135.000000000 11.481106942 0.337502471 -0.018385311 0.008829748 0.010764663 0.023722344 0.999621632
135.100000000 11.505743222 0.342761947 -0.022277847 0.006977667 -0.006514806 0.031910579 0.999445138
135.600000000 11.689439684 0.368926123 -0.041230724 -0.014975844 0.003834540 0.025069155 0.999566185
136.100000000 11.864950086 0.357502579 -0.028345448 0.006346286 0.008361210 0.024483942 0.999645113
136.700000000 12.070626646 0.389191195 -0.036928394 -0.015128147 0.003038020 0.024603690 0.999578195
137.200000000 12.248434447 0.382084279 -0.027460369 0.009321284 0.010060093 0.023840539 0.999621697
137.300000000 12.272805676 0.387397897 -0.031761849 0.007709210 -0.006552366 0.031507567 0.999452304
137.800000000 12.452013077 0.403673473 -0.038378167 -0.012946636 0.002755249 0.025353910 0.999590903
138.300000000 12.630981860 0.398378796 -0.027553689 0.009591918 0.009932746 0.025516707 0.999579028
138.400000000 12.654329461 0.403144448 -0.028484446 0.007276740 -0.007079790 0.032663159 0.999414851
138.800000000 12.803372772 0.420906903 -0.032445309 -0.005406545 0.005354914 0.029778664 0.999527551
139.500000000 13.033806854 0.420344559 -0.029202237 0.006953202 -0.006705550 0.033471209 0.999392999
140.000000000 13.215775955 0.441420887 -0.032609844 -0.014705939 0.003599902 0.027674790 0.999502317
140.500000000 13.392691976 0.429622830 -0.025853542 0.008350152 0.008928339 0.027114407 0.999557586
140.800000000 13.487518763 0.425619438 -0.052027937 0.013364614 0.019905724 0.005174977 0.999699139
140.900000000 13.489443086 0.396453286 -0.046417772 0.027636507 0.019404415 -0.028497472 0.999023316
141.000000000 13.470920850 0.393331264 -0.035266197 0.004250023 -0.008596459 -0.059854062 0.998161074
141.100000000 13.457987412 0.368667538 -0.047347787 0.007614218 -0.006011206 -0.102941952 0.994640057
141.200000000 13.454650529 0.355535017 -0.039249710 0.003590048 -0.000179486 -0.144189560 0.989543556
141.300000000 13.449726924 0.348657045 -0.047028822 -0.000683276 0.001938098 -0.170372604 0.985377569
141.400000000 13.458132313 0.319559536 -0.027851480 0.017762649 -0.016088518 -0.184671170 0.982508120
141.500000000 13.487747202 0.296847499 -0.045230881 0.010435605 -0.003159234 -0.199046291 0.979929432
141.700000000 13.590148571 0.279926140 -0.041672682 -0.000831237 0.000154193 -0.178277143 0.983979952
141.800000000 13.632621468 0.272877417 -0.043484465 -0.013344071 0.012447121 -0.178814676 0.983713534
141.900000000 13.651185707 0.259197562 -0.040620976 -0.006580822 -0.002888966 -0.184751166 0.982759051
143.300000000 14.119570911 0.079540242 -0.021893905 -0.018024399 0.007400749 -0.194527262 0.980703571
143.400000000 14.147861763 0.075383708 -0.013347865 -0.014150865 -0.004699452 -0.179856118 0.983579913
143.500000000 14.185833234 0.070448898 -0.042719376 -0.001639596 0.008155034 -0.148781907 0.988835048
143.600000000 14.227092125 0.084836330 -0.028975206 -0.007457876 0.006336687 -0.099385661 0.995000863
143.700000000 14.260620996 0.089078379 -0.041342447 -0.004468506 0.001603923 -0.070936388 0.997469543
144.400000000 14.507086547 0.047261013 -0.020434373 -0.019259025 0.005527217 -0.088592371 0.995866423
144.900000000 14.675246755 0.010305005 -0.024021792 0.004646768 0.004426109 -0.090010501 0.995920141
145.500000000 14.886350686 -0.017398333 -0.025069939 -0.018925088 0.004708902 -0.095555155 0.995233078
146.000000000 15.055738255 -0.059217315 -0.020381137 0.003173467 0.003438696 -0.097696883 0.995205217
146.500000000 15.228469789 -0.066497162 -0.034028082 -0.006873978 0.005063525 -0.061308704 0.998082337
146.600000000 15.264341826 -0.045901049 -0.048476874 -0.013088312 0.006594910 -0.022966597 0.999628800
146.700000000 15.292968226 -0.041507333 -0.041662983 0.000142554 0.001317197 -0.000048665 0.999999121
147.700000000 15.647008161 -0.042668078 -0.046725031 -0.015211385 0.003437420 -0.010495640 0.999823304
148.200000000 15.831427045 -0.062865681 -0.040015047 0.008145986 0.006926893 -0.010307259 0.999889705
148.800000000 16.037217668 -0.048303940 -0.055249836 -0.014092512 0.002999279 -0.010047397 0.999845716
149.300000000 16.211943320 -0.063376115 -0.039918436 0.007653158 0.006504668 -0.010283774 0.999896676
149.900000000 16.421745848 -0.043502593 -0.048620951 -0.014870658 0.003073295 -0.010387911 0.999830741
150.400000000 16.592610959 -0.069550271 -0.039104161 0.006484211 0.006398918 -0.010575777 0.999902576
151.000000000 16.801261097 -0.055541400 -0.038400834 -0.017909185 0.003785493 -0.011033983 0.999771565
151.500000000 16.975086835 -0.078245679 -0.026089254 0.006367952 0.006631257 -0.011075756 0.999896396
152.100000000 17.182323819 -0.067481138 -0.042002305 -0.014993340 0.003512129 -0.011237911 0.999818271
152.600000000 17.361768845 -0.083727546 -0.032100608 0.008135298 0.007673730 -0.011051458 0.999876390
153.200000000 17.559731492 -0.073537368 -0.043174909 -0.014715571 0.003718115 -0.010969645 0.999824632
153.700000000 17.735496622 -0.090524343 -0.028019440 0.006271629 0.007668166 -0.011044166 0.999889940
154.300000000 17.947227366 -0.079562471 -0.037564867 -0.015797070 0.003557988 -0.010806340 0.999810490
154.800000000 18.117862573 -0.100118124 -0.030273793 0.006117811 0.007449513 -0.011105720 0.999891864
155.400000000 18.327754850 -0.089374453 -0.045053901 -0.016175472 0.003810600 -0.011027395 0.999801095
155.900000000 18.509503672 -0.099495165 -0.037507125 0.007643943 0.007266085 -0.010589953 0.999888307
156.500000000 18.697375266 -0.095394967 -0.039961230 -0.015321986 0.003663844 -0.011617338 0.999808407
157.000000000 18.886046447 -0.112075372 -0.037649456 0.006689673 0.008147125 -0.010966110 0.999884302
157.600000000 19.096563473 -0.105416336 -0.046600832 -0.015186894 0.003080349 -0.010829620 0.999821279
158.100000000 19.269307533 -0.124638287 -0.036916764 0.008419314 0.008746530 -0.010703401 0.999869017
158.700000000 19.482770902 -0.110644926 -0.043650945 -0.016899827 0.004100468 -0.010328303 0.999795433
159.200000000 19.654223999 -0.133070928 -0.028602136 0.006755655 0.008018989 -0.010230849 0.999892688
159.500000000 19.756846795 -0.135731898 -0.040411912 0.005697025 0.008944928 -0.028943672 0.999524785
159.600000000 19.799731681 -0.162245159 -0.041392813 0.013690375 0.008667856 -0.068271491 0.997535185
159.700000000 19.827615297 -0.170887741 -0.028813667 -0.009619854 0.009260514 -0.110679651 0.993766429
159.800000000 19.861423320 -0.198741818 -0.022256682 -0.020233447 0.006202192 -0.168413138 0.985489298
159.900000000 19.876076568 -0.229432484 -0.013016961 -0.014746872 -0.012652911 -0.215682499 0.976270195
160.000000000 19.905254740 -0.253527678 -0.055918908 -0.001241527 0.004290102 -0.237310186 0.971423661
160.100000000 19.933065586 -0.287888839 -0.054555303 -0.004835060 0.011681978 -0.280971557 0.959632814
160.200000000 19.944212686 -0.323067849 -0.057531741 -0.000399850 -0.003571833 -0.327404596 0.944877406
160.300000000 19.958936175 -0.360883020 -0.049491521 0.001888892 -0.001613630 -0.360530992 0.932743926
160.400000000 19.977046954 -0.391950770 -0.062652203 0.004857023 0.004715973 -0.384474972 0.923110592
160.500000000 19.998882135 -0.430462373 -0.070269136 -0.003879311 0.012231681 -0.424677204 0.905253892
160.600000000 20.001668740 -0.461921897 -0.076872082 -0.002059189 -0.001454326 -0.458239498 0.888825184
160.700000000 20.009979759 -0.499409750 -0.083287671 -0.003661532 -0.001835151 -0.492634185 0.870226859
160.800000000 20.021523143 -0.539203540 -0.092135490 -0.001702212 0.015736996 -0.520977684 0.853423519
160.900000000 20.031487042 -0.571037490 -0.103430013 -0.008138797 0.013333508 -0.552415832 0.833422297
161.000000000 20.020296349 -0.603715460 -0.076057211 -0.009784039 -0.002907819 -0.582466980 0.812790277
161.100000000 20.018524284 -0.645549268 -0.062496067 0.003423448 0.004296004 -0.602522014 0.798083358
161.200000000 20.012951591 -0.692365913 -0.045650184 0.000121637 0.009969109 -0.637436262 0.770438585
161.300000000 19.998828465 -0.726770997 -0.044405088 -0.003151523 -0.002041995 -0.667519116 0.744583191
161.400000000 19.977813622 -0.765840588 -0.030150072 0.004090684 -0.002521993 -0.696316748 0.717718532
161.500000000 19.961549268 -0.795774521 -0.040616348 0.007442839 -0.001273254 -0.715444700 0.698628560
161.600000000 19.940655804 -0.836961802 -0.029782681 -0.000299117 0.006797479 -0.746570023 0.665272054
161.700000000 19.914872644 -0.859867820 -0.020952773 -0.000990624 -0.002510425 -0.772957753 0.634451754
161.800000000 19.888722284 -0.892709025 -0.024063441 0.001730154 -0.004263346 -0.796795906 0.604231011
161.900000000 19.872068378 -0.929113756 -0.027458568 0.002723029 0.013575632 -0.809929967 0.586363143
162.000000000 19.862451885 -0.966813875 -0.025007799 -0.005022551 0.012316446 -0.819823728 0.572461470
162.200000000 19.845237944 -1.028827982 -0.053635843 0.004058520 0.003752663 -0.811294606 0.584611417
164.100000000 19.647305664 -1.668605022 -0.047428657 0.001460612 0.010730012 -0.799785623 0.600188046
164.200000000 19.660601481 -1.710368088 -0.053849865 -0.002953967 0.013431139 -0.776228622 0.630301520
164.300000000 19.669186966 -1.743577192 -0.038256086 -0.001308188 0.003328321 -0.744974006 0.667083908
164.400000000 19.681617327 -1.776948877 -0.052091872 0.001813708 -0.006756041 -0.712068956 0.702074689
164.500000000 19.701633086 -1.808001579 -0.033289812 -0.001754944 -0.010157264 -0.681096613 0.732120997
164.600000000 19.719392746 -1.845873707 -0.057644021 0.007566142 0.004874829 -0.658325370 0.752679678
164.700000000 19.739380140 -1.889929930 -0.050925446 0.024370935 -0.002367596 -0.622581307 0.782171955
164.800000000 19.768564417 -1.905493695 -0.039964767 -0.003246599 -0.011319955 -0.584745334 0.811131440
164.900000000 19.790792130 -1.932967654 -0.025604749 -0.000704132 -0.019669645 -0.555809740 0.831076496
165.000000000 19.819902509 -1.966729428 -0.048418655 0.007433594 0.004435031 -0.535703939 0.844361511
165.100000000 19.852331915 -2.000489403 -0.052019005 0.018836206 -0.000505954 -0.490794153 0.871071777
165.200000000 19.887966273 -2.008476643 -0.042776889 -0.002335057 -0.001957341 -0.453887641 0.891053716
165.300000000 19.921412343 -2.029955609 -0.071474646 -0.005031648 0.006050261 -0.429067301 0.903238245
165.400000000 19.953836190 -2.048835173 -0.069397843 0.002891432 0.007696668 -0.393966510 0.919088021
165.500000000 19.992602686 -2.059267985 -0.077406083 -0.000547651 -0.001662792 -0.352329511 0.935874378
165.600000000 20.029020924 -2.066241181 -0.069166666 0.001234776 -0.004772513 -0.316586073 0.948550977
165.700000000 20.065827047 -2.080879869 -0.092573075 0.006607017 0.010963407 -0.289124339 0.957205969
165.800000000 20.107570792 -2.101557978 -0.061349804 0.024816928 0.011696061 -0.247718213 0.968443601
165.900000000 20.135042166 -2.100226592 -0.051052568 0.001144379 -0.005317611 -0.215286349 0.976535817
166.000000000 20.172661041 -2.100061203 -0.039124396 0.005706219 -0.011798367 -0.176066495 0.984291028
166.100000000 20.217337725 -2.101833157 -0.053203834 0.003670991 0.007976925 -0.147717525 0.988990609
166.200000000 20.263404889 -2.107033250 -0.052312226 0.012738204 0.007342534 -0.104337106 0.994433303
166.300000000 20.293892301 -2.083369318 -0.035117888 -0.002381752 -0.001985786 -0.064675963 0.997901500
166.400000000 20.333699528 -2.065471811 -0.046728721 -0.009747708 0.004389177 -0.033140971 0.999393513
166.500000000 20.372772890 -2.044477979 -0.041190214 -0.004510671 0.004819853 0.007279854 0.999951712
166.600000000 20.407091997 -2.021619630 -0.047794649 0.001274849 -0.003046379 0.051111593 0.998687488
166.700000000 20.436712679 -1.997347280 -0.026628715 0.000796220 -0.003714204 0.091259904 0.995819864
166.800000000 20.470225655 -1.977908728 -0.052616347 0.001498493 0.011187408 0.119787559 0.992735381
166.900000000 20.513581173 -1.958379780 -0.051184538 0.020212870 0.017579455 0.163814627 0.986127360
167.000000000 20.523028861 -1.930110720 -0.040912673 0.006255157 -0.007592107 0.210322040 0.977582668
167.100000000 20.544961296 -1.907104869 -0.032316091 0.014090051 -0.010408660 0.244961536 0.969374528
167.200000000 20.572869204 -1.874461845 -0.048607282 0.001042969 0.008595602 0.270283673 0.962741795
167.300000000 20.603770470 -1.840026429 -0.049829940 0.010047754 0.011495895 0.317139294 0.948256060
167.400000000 20.607477652 -1.800089592 -0.033197627 -0.000674722 -0.002644421 0.356090045 0.934447661
167.500000000 20.626820336 -1.761971940 -0.042997734 -0.009638669 0.000059275 0.383249021 0.923594760
167.600000000 20.643082810 -1.727783928 -0.045660651 -0.003046771 0.005617586 0.418551855 0.908170416
167.700000000 20.652147225 -1.691340692 -0.052457274 0.001897409 -0.002457044 0.455730344 0.890112474
167.800000000 20.658001569 -1.656978855 -0.041449394 0.005723574 -0.004694531 0.486986060 0.873378371
167.900000000 20.672649790 -1.624507888 -0.065358314 -0.004436074 0.007700265 0.495249702 0.868705220
168.200000000 20.743934806 -1.537609040 -0.035951474 -0.013954758 0.000697305 0.475506626 0.879601175
168.700000000 20.826694996 -1.389641426 -0.010891456 -0.007407360 -0.005840441 0.494643592 0.869044727
168.800000000 20.833377751 -1.352884420 -0.032043104 -0.002908868 0.006846771 0.524691612 0.851259874
168.900000000 20.822656707 -1.307610825 -0.021504901 -0.003964892 0.000285758 0.567577601 0.823310309
169.000000000 20.820717709 -1.271905235 -0.046891968 -0.006707630 0.001575819 0.595745707 0.803143559
169.100000000 20.815248997 -1.222640172 -0.053831020 -0.000346778 0.005369405 0.633363378 0.773835822
169.200000000 20.803913362 -1.190983212 -0.053907513 0.005837627 -0.001816045 0.661605165 0.749827466
169.300000000 20.790305407 -1.152589895 -0.046724373 0.006171488 -0.002128576 0.689435312 0.724317839
169.400000000 20.777103378 -1.119955713 -0.057414034 -0.004300817 0.005517861 0.710283880 0.703880577
169.500000000 20.760046502 -1.078602071 -0.054349964 0.002485355 0.013525298 0.741294427 0.671039091
169.600000000 20.743403684 -1.052140456 -0.044312003 -0.005367400 -0.002779785 0.745889706 0.666042048
169.800000000 20.745729754 -0.987387497 -0.035562654 -0.003543194 -0.009786221 0.731601428 0.681653156
170.200000000 20.747936755 -0.841001565 -0.047274966 0.000499311 0.015284100 0.727889916 0.685523462
170.400000000 20.740391519 -0.779925865 -0.041945263 0.013346276 0.002469957 0.731440757 0.681769900
170.800000000 20.722304241 -0.635974462 -0.057035322 -0.008607083 -0.004984935 0.729160961 0.684269948
170.900000000 20.707110104 -0.607086974 -0.041969621 -0.003284031 -0.004189823 0.754045476 0.656800640
171.000000000 20.683502812 -0.576647058 -0.058086475 0.000873253 0.006862574 0.785369149 0.618989049
171.100000000 20.648637972 -0.552434289 -0.047959440 0.005376267 0.000868037 0.815313541 0.578994104
171.200000000 20.624473697 -0.519864550 -0.081701588 -0.005864779 0.006243728 0.834302554 0.551240301
171.300000000 20.599053636 -0.478556696 -0.081939357 -0.001553721 0.022623085 0.859432735 0.510745687
171.400000000 20.568673521 -0.466241921 -0.078338132 0.010556446 -0.001112918 0.883053149 0.469152916
171.500000000 20.540184685 -0.445878143 -0.074745911 0.017119422 0.000551985 0.898577606 0.438480223
171.600000000 20.504476282 -0.420450041 -0.096226594 -0.003413811 0.005738103 0.905273172 0.424777476
171.900000000 20.426494722 -0.340733084 -0.078467416 -0.010548973 -0.011036057 0.902645252 0.430114490
172.100000000 20.390886037 -0.283837912 -0.082046460 -0.001235720 0.006085291 0.899935642 0.435978534
175.000000000 19.753619369 0.512680396 -0.053593362 -0.001816861 0.016259200 0.902527578 0.430321170
175.200000000 19.698231122 0.563167058 -0.050348876 -0.009564839 -0.008005929 0.902023338 0.431507031
175.700000000 19.596920697 0.710784127 -0.048729750 -0.003592805 0.015594768 0.902628300 0.430123293
176.300000000 19.450686382 0.864563552 -0.071177186 -0.008851292 -0.008196181 0.901947364 0.431677459
176.800000000 19.345378416 1.006474777 -0.034619779 -0.003442329 0.016838543 0.902676181 0.429977122
177.300000000 19.237085761 1.143981247 -0.059534074 -0.003077352 -0.001691732 0.904473642 0.426515063
179.000000000 18.875884762 1.622603757 -0.040645662 -0.002212859 0.013139324 0.879774751 0.475204008
179.100000000 18.867774244 1.652223763 -0.053262440 0.000029895 0.001726352 0.864649565 0.502372519
179.200000000 18.861538133 1.699324487 -0.057575821 -0.011126257 -0.004933980 0.837041895 0.547003407
179.300000000 18.870390218 1.732576681 -0.058662776 0.002420497 -0.003824565 0.814274108 0.580462911
179.400000000 18.877085746 1.773906677 -0.057183770 0.004783619 -0.008941290 0.788440042 0.615028024
179.500000000 18.879324568 1.816435205 -0.072646331 -0.011099205 0.001140986 0.767000746 0.641549189
179.600000000 18.880499645 1.855243427 -0.061080400 -0.012385803 -0.012229082 0.739673901 0.672740337
179.700000000 18.906248950 1.876139856 -0.044532561 0.002324937 -0.017001516 0.709578765 0.704417149
179.800000000 18.921650976 1.913169149 -0.074214919 -0.005793543 0.003103936 0.694076362 0.719871381
179.900000000 18.941152606 1.956671840 -0.063318530 -0.014594745 0.001629281 0.661191959 0.750073018
180.000000000 18.971617122 1.983153519 -0.059271132 0.002734151 -0.005059046 0.625542847 0.780168621
180.600000000 18.995336658 2.192861610 -0.049816580 -0.008947297 0.001292789 0.661232860 0.750126242
180.700000000 18.977644855 2.233565650 -0.058701001 -0.012963304 -0.002981996 0.690984713 0.722746973
180.800000000 18.968290210 2.264438513 -0.047141053 -0.002822631 0.002467982 0.724385973 0.689384439
180.900000000 18.946385048 2.293773909 -0.060465290 0.005982189 0.001515417 0.760788223 0.648970876
181.000000000 18.924986030 2.321196577 -0.054589875 0.008961692 0.000972880 0.781321697 0.624063416
181.200000000 18.913282435 2.408698417 -0.079324669 0.002252754 0.020614606 0.774736818 0.631943689
181.300000000 18.904511237 2.426301688 -0.065911415 0.007098831 0.000980389 0.777931548 0.628308167
181.800000000 18.862016121 2.609175952 -0.067855369 -0.010821913 -0.007536398 0.772998254 0.634271069
182.300000000 18.840870793 2.785640753 -0.065975470 0.000829551 0.019296308 0.773194482 0.633874796
182.400000000 18.833593919 2.805138086 -0.059628103 0.009740139 0.004535920 0.779762780 0.625982877
182.900000000 18.788799065 2.982882289 -0.065935355 -0.010311682 -0.006216967 0.776952959 0.629443498
183.400000000 18.761597089 3.162044134 -0.055562015 -0.000205327 0.019729323 0.777802259 0.628199297
183.500000000 18.755143973 3.182556565 -0.052015427 0.010074710 0.001209042 0.784616027 0.619898967
183.800000000 18.753173956 3.297394826 -0.063970414 0.001901100 0.015543180 0.761989354 0.647400201
183.900000000 18.762406093 3.330639597 -0.058869810 -0.007201479 0.001449522 0.734383267 0.678695259
184.000000000 18.773594997 3.372207384 -0.066307812 -0.015562995 -0.011579159 0.699146253 0.714715491
184.100000000 18.789281976 3.393659311 -0.043897380 -0.002066059 -0.021042138 0.682180651 0.730877910
184.200000000 18.796280333 3.430060435 -0.064965198 -0.009439768 0.000789098 0.688473888 0.725199265
184.500000000 18.785735238 3.544623805 -0.052563067 0.000716240 0.007889602 0.699251172 0.714832176
185.100000000 18.782704191 3.755624313 -0.072169101 -0.013216042 -0.007273604 0.699532794 0.714441251
185.600000000 18.797636107 3.927115155 -0.056953702 0.000957627 0.011840778 0.699936079 0.714106690
186.200000000 18.787048937 4.139391961 -0.071297007 -0.012848771 -0.006048262 0.700077054 0.713926079
186.700000000 18.800206913 4.313915647 -0.054870471 0.001273541 0.011927560 0.699863175 0.714176202
187.300000000 18.791006802 4.522865392 -0.068477914 -0.013807607 -0.006465674 0.700026187 0.713954398
187.800000000 18.807902541 4.697516089 -0.053946300 0.001072724 0.012383567 0.699897830 0.714134808
188.400000000 18.796219344 4.906929975 -0.070250529 -0.012695404 -0.006459102 0.700141816 0.713861712
188.900000000 18.813842268 5.081983605 -0.055011902 0.001036552 0.011045058 0.699670132 0.714379898
189.500000000 18.799183164 5.289005378 -0.071487597 -0.013270047 -0.006240404 0.699480205 0.714501509
190.000000000 18.818481348 5.462199470 -0.062851182 0.000782005 0.012908236 0.699475757 0.714539314
190.600000000 18.807193853 5.671763053 -0.070417555 -0.014348180 -0.006225170 0.700138674 0.713835565
190.700000000 18.826380097 5.699975412 -0.051426757 -0.001895302 -0.009872199 0.681752415 0.731513904
190.800000000 18.844805911 5.731110250 -0.071560775 -0.002772791 0.005987796 0.662188754 0.749308022
190.900000000 18.874429320 5.772900460 -0.059303929 -0.007144407 0.004137083 0.620945270 0.783810445
191.000000000 18.900911672 5.795504671 -0.066715920 -0.000320126 -0.001896006 0.580218550 0.814458554
191.100000000 18.933439152 5.820628899 -0.067148122 -0.000406015 0.000815317 0.545886587 0.837858583
191.200000000 18.959888610 5.841274215 -0.084877536 -0.000281260 0.008788017 0.522309370 0.852710745
191.300000000 18.992163420 5.869708431 -0.072877409 -0.005069144 0.004559717 0.481801138 0.876254059
191.400000000 19.022649359 5.886091555 -0.073382452 -0.000195173 0.000127695 0.445423048 0.895320196
191.500000000 19.057703008 5.907852391 -0.081572238 0.001020566 -0.000936652 0.410762697 0.911741240
191.600000000 19.093847551 5.931889360 -0.100501648 -0.009552940 0.008847304 0.379474777 0.925110458
191.700000000 19.133081305 5.948558294 -0.095663078 -0.013152613 -0.001046900 0.339997358 0.940333829
191.800000000 19.166089922 5.947456897 -0.079403319 -0.004097076 -0.010597018 0.302607821 0.953047441
191.900000000 19.201592733 5.955169024 -0.107682300 -0.003208954 0.007342197 0.279340348 0.960158719
192.000000000 19.243515485 5.964505436 -0.108758316 -0.008975162 0.010170875 0.236030948 0.971650859
192.100000000 19.280827969 5.964310644 -0.109032944 0.000291954 0.000665723 0.197665610 0.980269238
192.200000000 19.323430087 5.962922947 -0.070396207 0.003616973 0.002111701 0.161911366 0.986796417
192.300000000 19.357635266 5.957603633 -0.077733506 0.002484161 0.007058018 0.134169156 0.990930195
192.400000000 19.400699147 5.951686511 -0.067882425 -0.006635330 0.005340710 0.093632630 0.995570379
192.500000000 19.433165682 5.942055473 -0.064532090 -0.001863839 -0.001979252 0.058612503 0.998277107
192.600000000 19.473136163 5.935999717 -0.065398297 -0.001851524 -0.004546887 0.037609852 0.999280439
192.800000000 19.542624604 5.958477239 -0.068750362 -0.012869991 0.002357820 0.049410099 0.998692869
193.000000000 19.605609590 5.957741180 -0.079054590 0.003414975 0.008052958 0.057953162 0.998280982
193.400000000 19.745879660 5.966882009 -0.063540374 0.008798306 -0.005899665 0.068431177 0.997599598
193.600000000 19.815199426 5.972145880 -0.074659487 0.002327034 0.008917337 0.061589786 0.998058998
194.400000000 20.085038139 5.980886412 -0.078740461 0.035539152 0.033193146 0.065021348 0.996698253
194.500000000 20.055583696 5.975968910 -0.057328220 0.027265492 0.016436479 0.081151591 0.996193181
194.600000000 20.030068659 5.999009928 -0.051568392 -0.007522593 -0.004199028 0.084170392 0.996414133
195.600000000 20.045095991 5.981815998 -0.066448394 0.001808011 -0.000193047 0.068473901 0.997651251
195.700000000 20.083505386 5.956269598 -0.062597508 0.016669431 -0.004671004 0.019626233 0.999657503
195.800000000 20.130077193 5.934093158 -0.075524305 0.016020991 -0.007898647 -0.031047495 0.999358290
195.900000000 20.173155108 5.910294177 -0.089946418 0.010567491 0.008910708 -0.079770656 0.996717397
196.000000000 20.213719164 5.882705144 -0.090566326 0.010377106 0.003914842 -0.116963115 0.993074327
196.100000000 20.246101628 5.870323640 -0.079160098 -0.009070534 0.011336414 -0.150902749 0.988441992
196.200000000 20.269383451 5.844110663 -0.082256455 -0.008892571 -0.004640273 -0.200553946 0.979631311
196.300000000 20.286424741 5.819957514 -0.056499942 -0.020720344 -0.014662685 -0.240184769 0.970395254
196.400000000 20.320206856 5.789517757 -0.080399444 -0.002710951 0.010660981 -0.258048277 0.966069398
196.500000000 20.355333735 5.756554237 -0.076445648 -0.017072073 0.027827522 -0.304812685 0.951852615
196.600000000 20.358827977 5.723949179 -0.065200369 -0.005473662 -0.006445619 -0.348922770 0.937113330
196.700000000 20.376369528 5.692147593 -0.054264282 -0.012013344 -0.008246683 -0.381634952 0.924198266
196.800000000 20.399974010 5.677813232 -0.077712968 -0.008195637 0.029562594 -0.378893431 0.924931702
197.000000000 20.397041250 5.696546226 -0.079023487 0.008725250 -0.002188926 -0.372534425 0.927974774
197.200000000 20.399089583 5.724810603 -0.067109676 -0.011605962 -0.002927977 -0.361635326 0.932242790
198.600000000 20.279072280 5.845766259 -0.109905913 -0.031547315 -0.004737144 -0.361142710 0.931964736
198.700000000 20.262899498 5.857584642 -0.108539771 -0.011094651 -0.004394032 -0.349552416 0.936840813
198.800000000 20.225303123 5.861189032 -0.089133759 0.007475713 -0.020234908 -0.352850748 0.935430923
199.000000000 20.189982654 5.912546461 -0.089325683 -0.013818171 -0.005299059 -0.355258812 0.934650820
199.200000000 20.120024666 5.942297182 -0.071380838 0.014020300 -0.023462073 -0.359583861 0.932712394
199.300000000 20.110355049 5.965743262 -0.050033082 0.004930688 -0.005607702 -0.361141046 0.932481307
199.700000000 20.064507650 6.065011752 -0.029642950 -0.060787896 -0.020726082 -0.355638863 0.932414211
199.800000000 20.099765175 6.045433783 -0.019689209 -0.029942836 -0.008512518 -0.333657189 0.942180367
199.900000000 20.103933580 6.009703013 -0.020862277 0.007480740 0.000139167 -0.331666886 0.943366893
200.600000000 20.093263018 5.996935205 -0.085448228 -0.001492097 -0.000844812 -0.369309006 0.929305073
200.700000000 20.072396194 5.980099596 -0.093112327 0.003263126 -0.003981179 -0.418385510 0.908254957
200.800000000 20.056616084 5.966536589 -0.127713770 0.009483144 0.002986468 -0.450128536 0.892908423
200.900000000 20.047076675 5.955171807 -0.106507987 0.001696425 0.000671564 -0.491256896 0.871012820
201.000000000 20.043585438 5.952628922 -0.100086550 -0.001333512 0.002753635 -0.516117214 0.856512499
201.100000000 20.030171710 5.943667989 -0.083272867 -0.001090417 -0.000030716 -0.547598655 0.836740416
201.200000000 20.017959980 5.939396955 -0.084539423 -0.001470343 0.000357841 -0.574020560 0.818839488
201.300000000 20.004427379 5.936440728 -0.073851213 -0.012829788 -0.003099415 -0.604154100 0.796758190
201.400000000 19.985770025 5.930612968 -0.070600751 -0.001373951 -0.001397183 -0.628358974 0.777921050
201.500000000 19.966230536 5.926736113 -0.073778001 0.001153998 -0.003516968 -0.655107748 0.755526398
201.600000000 19.950633491 5.923177866 -0.062648255 0.002494766 -0.000113976 -0.681747305 0.731583471
202.100000000 19.972493294 5.921922742 -0.050676877 -0.016555791 0.002811612 -0.668945337 0.743121885
202.400000000 19.951981163 5.878976248 -0.059063725 0.003069058 -0.023294119 -0.666848580 0.744822755
202.500000000 19.936900808 5.841341565 -0.058990301 0.009616787 -0.046491714 -0.666001673 0.744437915
202.600000000 19.949988667 5.788110702 -0.093461694 0.015468601 -0.003622810 -0.675645093 0.737055836
202.800000000 19.975226264 5.706363094 -0.076032698 -0.003144317 0.010225623 -0.669985918 0.742296719
203.000000000 19.986667279 5.641567338 -0.062247698 -0.020167573 0.003835052 -0.678038089 0.734740030
203.100000000 19.986037168 5.604033457 -0.081263682 0.000324885 0.004403382 -0.673046684 0.739586821
203.600000000 19.991400727 5.433656019 -0.064488204 0.001739133 -0.015605875 -0.669707271 0.742459160
203.700000000 19.998165103 5.393915916 -0.084813982 0.005733558 0.002667722 -0.673812967 0.738874884
204.700000000 20.024606135 5.046011443 -0.065235766 -0.000683996 -0.013264833 -0.668551012 0.743547659
204.900000000 20.032319699 4.969830616 -0.082913339 0.014849068 -0.001771946 -0.670940768 0.741360136
205.700000000 20.060419623 4.735057780 -0.052934367 -0.000990826 -0.012542098 -0.669126502 0.743042017
205.900000000 20.066908226 4.740060258 -0.056075873 -0.042196037 -0.011752312 -0.679636886 0.732239770
206.000000000 20.055502359 4.740795815 -0.085035222 -0.013597516 -0.029888779 -0.668023263 0.743415556
206.100000000 20.044673509 4.750494343 -0.107565572 0.003230865 -0.062768525 -0.653949258 0.753923101
206.200000000 20.057525519 4.764553215 -0.093720098 -0.010387935 -0.015475086 -0.668638724 0.743353798
206.300000000 20.080437259 4.769695227 -0.089943196 -0.038717872 0.005620445 -0.676489044 0.735412748
206.400000000 20.076340559 4.768224280 -0.076115347 0.003334198 -0.007923580 -0.666913074 0.745085935
206.500000000 20.073343959 4.771748748 -0.057652745 -0.010605255 -0.028646403 -0.665474330 0.745795433
206.600000000 20.077532094 4.773935485 -0.047549300 -0.042159145 -0.009117598 -0.678240643 0.733572836
206.800000000 20.060341041 4.763483245 -0.022281683 -0.001031501 -0.018087405 -0.673079936 0.739347809
207.000000000 20.052192835 4.756959953 -0.061251890 -0.051817229 -0.009224984 -0.686995596 0.724753010
207.100000000 20.031104709 4.752941740 -0.091990440 -0.013009974 -0.020049371 -0.677533430 0.735103540
207.200000000 20.012684602 4.755218855 -0.109215465 0.008474861 -0.044673307 -0.669740990 0.741201375
207.300000000 20.018169437 4.755875690 -0.116324416 -0.005537213 -0.005249620 -0.679737350 0.733415923
207.500000000 20.038896014 4.766854796 -0.091489539 -0.004080686 -0.024171735 -0.673359074 0.738909083
207.600000000 20.048795482 4.776084229 -0.052143022 -0.020024416 -0.044521864 -0.671857547 0.739069863
207.700000000 20.073207104 4.772866976 -0.057761470 -0.058824798 0.007123401 -0.694752230 0.716804184
207.900000000 19.999930267 4.758521795 -0.200459681 0.000948078 0.000645498 -0.687692802 0.726000892
208.100000000 20.026239319 4.765578083 -0.134416961 -0.040254993 0.015943112 -0.702763078 0.710105210
208.200000000 20.051007867 4.774302518 -0.066161575 -0.022795460 -0.014406913 -0.691925068 0.721465528
208.300000000 20.046053308 4.781574665 -0.011716727 0.007341998 -0.084066850 -0.664907399 0.742143524
208.400000000 20.065654780 4.768609186 -0.023860105 -0.006788088 -0.018554010 -0.680172087 0.732786192
208.500000000 20.082380921 4.760119935 -0.053576140 -0.027202995 -0.002463666 -0.684567517 0.728437535
208.600000000 20.074842253 4.754399450 -0.065656984 -0.001367142 -0.027326857 -0.673392174 0.738778962
208.700000000 20.063580555 4.764751923 -0.035297328 -0.016200474 -0.048069586 -0.671610162 0.739166186
208.800000000 20.077702063 4.766109133 -0.030759885 -0.062474689 0.002445544 -0.696233513 0.715087287
209.000000000 20.096830946 4.756666618 -0.031251710 0.002590746 -0.003464060 -0.690699948 0.723128530
210.700000000 20.067717455 4.843975462 -0.087055484 -0.006280878 0.014224218 -0.696011839 0.717861924
210.900000000 20.079947960 4.946515733 -0.099683519 -0.035529078 0.007494233 -0.696377363 0.716756645
211.000000000 20.082205954 4.965704895 -0.100527683 -0.015075689 0.000330625 -0.685752625 0.727678468
211.100000000 20.063219170 4.996485078 -0.089635889 -0.000864069 -0.017846645 -0.685645365 0.727716417
211.300000000 20.071517570 5.059885823 -0.085458736 -0.012991391 -0.000988012 -0.689457645 0.724208812
211.500000000 20.044685636 5.126249608 -0.071879857 0.002134031 -0.022198808 -0.690960543 0.722548398
211.700000000 20.057818255 5.178103093 -0.078924778 -0.006939819 0.001861180 -0.691025497 0.722794671
212.600000000 20.020586059 5.473590522 -0.064965805 0.006326801 -0.027810172 -0.690960599 0.722329576
212.700000000 20.027827896 5.493649194 -0.069929377 0.005027066 -0.008817965 -0.694280671 0.719632769
213.100000000 20.039129688 5.626558943 -0.071977244 -0.025248084 -0.000394924 -0.695122770 0.718447433
213.200000000 20.045367746 5.647018058 -0.091310531 -0.012943121 0.008306595 -0.686562362 0.726908246
213.700000000 20.005583481 5.813568024 -0.087753480 0.004273106 -0.023396657 -0.688445453 0.724898059
213.900000000 20.021537870 5.864385598 -0.103346755 -0.005687807 0.001639310 -0.690139241 0.723652395
214.100000000 20.015543713 5.929605485 -0.096555218 -0.020040911 -0.013727713 -0.685415843 0.727746545
214.200000000 20.074129042 5.939155779 -0.077551395 -0.063109488 0.005341374 -0.644513296 0.761965402
214.300000000 20.105272358 5.901624967 -0.088190258 -0.024168206 0.018803568 -0.594445567 0.803552607
214.400000000 20.134669262 5.880718830 -0.105927918 -0.009065351 0.039341169 -0.557483866 0.829205542
214.500000000 20.137444819 5.891140444 -0.098729586 0.007257937 -0.002785049 -0.531797146 0.846836089
214.600000000 20.156225401 5.905344938 -0.092131364 0.001042326 -0.001393931 -0.498978935 0.866612366
214.700000000 20.170500940 5.917271598 -0.081163838 -0.000012966 -0.000208107 -0.468849334 0.883278132
214.800000000 20.178258238 5.924555759 -0.075397625 0.001562700 -0.006152677 -0.440528717 0.897716075
214.900000000 20.195291238 5.931727441 -0.075457452 -0.002039166 -0.000730748 -0.405448445 0.914115346
215.000000000 20.209544110 5.942478388 -0.085232206 -0.002270509 0.003715787 -0.376632416 0.926352558
215.100000000 20.217492647 5.952588337 -0.075086492 -0.000451789 0.001274128 -0.337346369 0.941379626
215.200000000 20.222005168 5.955932818 -0.097184815 0.000059429 0.001751070 -0.312096130 0.950048912
215.300000000 20.234826706 5.970935073 -0.091554768 -0.007590338 -0.000367320 -0.272212106 0.962207265
215.400000000 20.241778073 5.983155495 -0.114556463 -0.006325134 0.005260036 -0.242949549 0.970004042
215.500000000 20.249907995 5.992792626 -0.102547563 -0.002624440 -0.001415945 -0.206367107 0.978470094
215.600000000 20.254249400 6.004973809 -0.114346615 -0.003364824 0.002465383 -0.176741253 0.984248510
215.700000000 20.261496838 6.026214577 -0.105098240 -0.008306212 -0.001646514 -0.139605900 0.990170939
215.800000000 20.267588519 6.045086064 -0.093732528 -0.003946962 0.002976445 -0.104733118 0.994488078
215.900000000 20.274918912 6.057009201 -0.089267896 0.000101465 -0.001710046 -0.073800746 0.997271535
216.000000000 20.279762542 6.077085374 -0.080916159 -0.003937959 0.000682208 -0.035831286 0.999349862
216.100000000 20.278264302 6.093644212 -0.093162206 -0.006294782 0.004168913 -0.005344944 0.999957213
216.200000000 20.279080137 6.112051410 -0.073635702 -0.003163753 0.001173703 0.036647723 0.999322549
216.300000000 20.280020561 6.119963018 -0.085058791 0.000140838 0.002986308 0.061105682 0.998126825
216.400000000 20.277621042 6.142644235 -0.061692663 -0.006366104 -0.003223462 0.102233355 0.994734851
216.500000000 20.272309587 6.158163314 -0.071001150 -0.005435900 0.001986701 0.133925532 0.990974498
216.600000000 20.271714393 6.167637440 -0.049129432 -0.000004226 -0.001570479 0.170918626 0.985283897
216.700000000 20.268553742 6.178598294 -0.054251479 -0.001913130 0.000142744 0.200342908 0.979723961
216.800000000 20.259881814 6.199435336 -0.056836354 -0.005114719 -0.005931195 0.237109201 0.971451433
216.900000000 20.254011714 6.208114638 -0.057531713 -0.003773618 0.001369136 0.272146171 0.962247550
217.000000000 20.251510064 6.216514358 -0.065119499 0.000626105 -0.000901213 0.301819717 0.953364387
217.100000000 20.241024890 6.233582515 -0.066307120 -0.002661088 -0.000341252 0.338950846 0.940800258
217.200000000 20.229897876 6.247697935 -0.090907266 -0.005589988 0.002396204 0.367229881 0.930110329
217.300000000 20.219051504 6.258918692 -0.080005943 -0.001540374 0.000922648 0.405608259 0.914045249
217.400000000 20.212290961 6.262739205 -0.100072635 -0.002074336 0.003902546 0.429397817 0.903104635
217.500000000 20.196256169 6.274409940 -0.090153560 -0.003396709 -0.002076343 0.465660776 0.884954345
217.600000000 20.183243276 6.281979070 -0.113790288 -0.006672429 0.002970927 0.492883725 0.870064530
217.700000000 20.174307210 6.289397581 -0.105315818 -0.000057842 0.001776035 0.525441619 0.850827801
217.800000000 20.161842251 6.296829275 -0.109053428 -0.002461117 0.003501422 0.550922316 0.834545556
217.900000000 20.145764238 6.303826585 -0.099187153 -0.002857649 -0.003137106 0.581276926 0.813694739
218.000000000 20.132077527 6.310227871 -0.090304408 -0.003381641 0.001380391 0.610310530 0.792153846
218.100000000 20.121812825 6.313215818 -0.088590539 0.001810910 0.000959719 0.634498387 0.772921468
218.200000000 20.101373149 6.316983633 -0.083729517 -0.002072292 0.000507173 0.663600081 0.748084475
218.300000000 20.085181480 6.318450371 -0.099697335 -0.005233483 0.001065123 0.686039422 0.727544767
218.400000000 20.071819381 6.321716371 -0.081923795 -0.001290563 0.000646846 0.715799208 0.698304669
218.500000000 20.062440280 6.323867263 -0.093578476 -0.002029391 0.003752568 0.733620261 0.679546255
218.600000000 20.036525595 6.322608361 -0.075685021 -0.001681549 -0.003993058 0.760475922 0.649351677
218.700000000 20.018344420 6.321314622 -0.085345033 -0.006435608 -0.000160539 0.780852620 0.624682114
218.800000000 20.006607510 6.318197746 -0.072092546 0.000375082 0.000792628 0.803959341 0.594683622
218.900000000 19.995383938 6.313670338 -0.079890110 -0.000822281 0.001146464 0.821683324 0.569942562
219.000000000 19.975546335 6.305611638 -0.078274383 0.000715767 -0.005844310 0.842389199 0.538837424
219.100000000 19.964714576 6.299564192 -0.077198683 -0.001217872 -0.000072491 0.861383529 0.507953667
219.200000000 19.962803834 6.297558041 -0.072224664 0.002813533 0.001151655 0.876568935 0.481266724
219.300000000 19.945022660 6.285517688 -0.072180806 0.001150361 -0.000974117 0.894791870 0.446480949
219.400000000 19.927536228 6.273626803 -0.089089852 -0.004591330 0.000203593 0.908045970 0.418845312
219.500000000 19.915179021 6.263221972 -0.077255031 0.000561029 0.001157956 0.924709091 0.380672355
219.600000000 19.911654457 6.260052836 -0.098869418 -0.000958423 0.005248357 0.934298029 0.356452982
219.700000000 19.898928518 6.245944046 -0.086427611 0.000655449 -0.000970174 0.948212411 0.317634780
219.800000000 19.889342791 6.235471751 -0.104391368 -0.003033196 -0.000185275 0.957501548 0.288412120
219.900000000 19.879771207 6.223895056 -0.098435405 0.003448855 0.004306951 0.967846019 0.251482880
220.000000000 19.867718321 6.212658865 -0.111947020 0.000535375 0.003176300 0.975114420 0.221678803
220.100000000 19.856696604 6.194021842 -0.109214143 0.003626040 -0.002285214 0.982639947 0.185473350
220.200000000 19.851732857 6.180847054 -0.098154638 0.000877689 0.000040899 0.988684331 0.150008404
220.300000000 19.848327112 6.169649127 -0.099217666 0.004152009 0.003710046 0.992813218 0.119544593
220.400000000 19.843342829 6.150740621 -0.089084979 0.001531815 0.000016308 0.996735317 0.080723982
220.500000000 19.838677748 6.133777679 -0.102423323 -0.002368059 -0.001461452 0.998707496 0.050750311
220.600000000 19.838543260 6.121462447 -0.083724412 0.000373088 0.000649896 0.999958649 0.009063017
220.700000000 19.839538475 6.112426153 -0.096145196 -0.002256988 0.003110762 0.999868482 -0.015755874
220.800000000 19.835148195 6.089366823 -0.076571253 0.004473073 -0.007113476 0.998742537 -0.049424041
221.000000000 19.762974525 6.098895043 -0.075083701 0.012333533 0.016930349 0.998773096 -0.044872603
221.100000000 19.708806564 6.104252794 -0.095000898 -0.011899216 0.017221142 0.999337142 -0.029784511
221.300000000 19.628815877 6.100284243 -0.082589253 0.008100599 0.009675675 0.999312855 -0.034850806
222.500000000 19.205096578 6.048667524 -0.095171594 -0.001423875 -0.010873808 0.999356813 -0.034142237
223.000000000 19.025722872 6.055377812 -0.083096997 -0.009497028 0.012552755 0.999285650 -0.034357306
223.100000000 19.000813593 6.049677178 -0.080914135 0.007280233 0.009426763 0.999058215 -0.041723110
223.500000000 18.859068034 6.039445029 -0.092058109 -0.005443183 -0.003387541 0.999250442 -0.038176559
223.700000000 18.812896153 6.031657818 -0.089050189 -0.008340611 0.013725689 0.997602240 -0.067318720
223.800000000 18.817565849 6.021018397 -0.090514332 0.010757692 0.019789153 0.993501981 -0.111563771
223.900000000 18.841971852 6.010929193 -0.075862671 0.019709242 0.027119278 0.986334904 -0.161305760
224.000000000 18.841660791 5.989235622 -0.093380450 0.001870972 0.006984190 0.983855590 -0.178818061
224.100000000 18.849183425 5.960832407 -0.086519478 0.004307917 -0.001391856 0.974521713 -0.224247489
224.200000000 18.856362389 5.945303028 -0.101775039 0.000776477 -0.003804342 0.966463987 -0.256772829
224.300000000 18.861986257 5.934627118 -0.085329618 0.003529161 0.003855157 0.955931197 -0.293544255
224.400000000 18.867827552 5.922953228 -0.097372025 0.001311750 0.001227827 0.946546281 -0.322563033
224.500000000 18.884695520 5.905036366 -0.093373127 0.007429361 -0.002060077 0.933782873 -0.357757049
224.600000000 18.894923454 5.896682549 -0.091105777 0.001688870 -0.001478585 0.920238010 -0.391352740
224.700000000 18.898747852 5.890959779 -0.092213761 0.003361301 0.003987691 0.907716095 -0.419552490
224.800000000 18.913859103 5.878635828 -0.087564037 0.002093674 -0.000300936 0.890536195 -0.454907475
224.900000000 18.927699397 5.866193412 -0.100568275 0.000799290 -0.003850157 0.876611553 -0.481182630
225.000000000 18.939473252 5.856736635 -0.074939083 -0.003657091 -0.006733618 -0.858659464 0.512489228
225.200000000 18.918221630 5.799175867 -0.063405962 -0.024821765 0.004583768 -0.862494761 0.505436104
225.300000000 18.888696952 5.751960885 -0.093309192 0.000582665 0.008784714 -0.861926457 0.506956874
225.400000000 18.871968528 5.699841352 -0.095673333 -0.002375713 -0.033122985 0.866972578 -0.497248201
225.500000000 18.845094878 5.684406205 -0.087123906 -0.002173772 0.004200158 0.871214959 -0.490878934
225.800000000 18.797294193 5.580560355 -0.082491274 0.005226047 -0.015539478 0.870389737 -0.492090356
226.000000000 18.757225863 5.531743912 -0.089754835 -0.005562777 -0.000508839 0.870083978 -0.492871857
226.800000000 18.621464919 5.295932834 -0.078000199 0.001699565 0.011544893 -0.862632762 0.505696099
226.900000000 18.636938012 5.275811063 -0.080029458 -0.001749708 0.018745999 -0.849215244 0.527711091
227.000000000 18.653450352 5.281613033 -0.072028318 0.000201470 -0.004701141 -0.825262436 0.564729821
227.100000000 18.673733289 5.282411311 -0.091504778 0.002253228 -0.000899186 -0.804515528 0.593926662
227.200000000 18.691818017 5.281788054 -0.073199187 -0.000724175 -0.008575569 -0.775997868 0.630676814
227.300000000 18.706532100 5.281809223 -0.085749059 0.002097196 -0.004788351 -0.758825929 0.651272510
227.400000000 18.729644908 5.278796220 -0.065185387 -0.008499231 0.001517671 -0.731115175 0.682199429
227.500000000 18.747621273 5.277390552 -0.077795994 -0.002512389 0.007526248 -0.708507469 0.705658707
227.600000000 18.761958858 5.272167645 -0.068295093 -0.001640473 0.003502423 -0.681835799 0.731495034
227.800000000 18.795273839 5.236099359 -0.066641047 -0.040325968 0.007134938 -0.672178698 0.739255509
227.900000000 18.784117050 5.176195732 -0.080429971 -0.003417275 0.002674893 -0.669715489 0.742605097
228.500000000 18.790216194 4.940979732 -0.077144451 0.013669940 -0.000212717 -0.678923893 0.734081354
228.600000000 18.796946766 4.917450399 -0.075178333 0.000790280 -0.009994557 -0.673764150 0.738878444
229.100000000 18.820828518 4.734248743 -0.076311965 -0.008260364 0.010390123 -0.677304499 0.735583053
229.600000000 18.819651705 4.560154360 -0.073301575 0.012927451 -0.000628769 -0.677012105 0.735858068
229.800000000 18.824514596 4.501652967 -0.064682027 0.001179553 -0.013250703 -0.673449485 0.739113536
230.200000000 18.851621302 4.355196129 -0.087544394 -0.009141908 0.011935980 -0.675875251 0.736862676
230.700000000 18.845737897 4.178930227 -0.075451538 0.010305447 -0.001117782 -0.676500437 0.736369274
231.300000000 18.881268030 3.974959549 -0.084128644 -0.008836214 0.010276890 -0.675472771 0.737260363
231.800000000 18.881604924 3.799188289 -0.065010706 0.017157444 -0.000753368 -0.675437749 0.737216997
231.900000000 18.886479021 3.773668566 -0.067507499 0.000500832 -0.011885849 -0.669362675 0.742840551
232.400000000 18.912691820 3.593227362 -0.083132578 -0.009009614 0.011262037 -0.673829862 0.738745769
232.900000000 18.910324080 3.417200753 -0.068781896 0.014266073 -0.000299658 -0.674134171 0.738471061
233.000000000 18.919090221 3.392391405 -0.071576039 0.000051243 -0.010370079 -0.668744635 0.743419849
233.400000000 18.943240144 3.256824880 -0.080059116 -0.003216210 0.016736138 -0.670732398 0.741503613
233.500000000 18.961038392 3.252170606 -0.075055247 -0.017049156 0.025075419 -0.676236041 0.736060708
233.600000000 18.950663104 3.268865553 -0.061999022 -0.024910991 0.001823347 -0.681730684 0.731176718
233.700000000 18.952166822 3.271309162 -0.079246269 -0.009613209 0.007086624 -0.674196467 0.738455476
244.300000000 18.937989675 3.206185939 -0.055767398 0.003538450 -0.022833652 -0.672942593 0.739333734
244.500000000 18.942852088 3.095107712 -0.084867177 0.025160102 -0.001694932 -0.679786405 0.732976493
244.700000000 18.973246431 3.009535133 -0.067893294 -0.004270640 0.015229457 -0.672644447 0.739796779
244.800000000 18.976356724 2.970661453 -0.069481143 -0.015259598 0.004687688 -0.680991482 0.732117321
245.000000000 18.977360059 2.882323752 -0.081701794 0.003633797 0.010423806 -0.675773899 0.737026307
245.100000000 18.988916635 2.828961159 -0.074895252 -0.005302400 0.026231205 -0.676217131 0.736216137
245.200000000 18.981539031 2.797588868 -0.071516470 -0.012666185 0.000484673 -0.683372150 0.729960162
245.600000000 18.987978989 2.636067503 -0.062728164 0.007889279 0.000521438 -0.683733397 0.729689063
246.200000000 19.018552439 2.382709374 -0.060299553 -0.003920690 0.018985701 -0.676452345 0.736231211
246.300000000 19.016899384 2.354103835 -0.060819960 -0.009826930 0.001900552 -0.683197244 0.730165286
247.100000000 19.033209759 2.021887897 -0.058115528 0.007371176 -0.000327231 -0.685373639 0.728154197
248.400000000 19.083764499 1.482216813 -0.057084783 -0.001506025 0.012288522 -0.678188746 0.734783471
249.000000000 19.080427819 1.227798181 -0.075413025 0.013418017 -0.008011340 -0.678143741 0.734763119
249.200000000 19.097209584 1.156460379 -0.082092276 0.002592724 0.006715280 -0.678146085 0.734891876
250.100000000 19.110233904 0.774415136 -0.071197863 0.013719052 -0.008460252 -0.676344304 0.736409257
250.300000000 19.126561023 0.698612742 -0.083033803 0.006577565 0.008728868 -0.679566256 0.733532716
250.400000000 19.087099945 0.678974016 -0.079328746 0.047952952 0.000136211 -0.705791139 0.706795136
250.500000000 19.081604198 0.688681628 -0.062347159 0.004589023 -0.007374584 -0.717887945 0.696104486
250.600000000 19.067257607 0.703877688 -0.056182407 -0.002185229 -0.008186886 -0.748376101 0.663220484
250.700000000 19.050274753 0.709841326 -0.076192129 0.002740168 -0.001922410 -0.772736094 0.634718619
250.800000000 19.037613133 0.712207008 -0.063938305 -0.006482091 -0.000354743 -0.797481918 0.603307921
250.900000000 19.023731064 0.716705111 -0.074113497 -0.001972780 -0.000390405 -0.815260805 0.579090473
251.000000000 18.998871529 0.726176536 -0.071145975 -0.002282626 -0.008887708 -0.837012621 0.547106636
251.100000000 18.984728662 0.730291648 -0.070662674 0.002396402 -0.002604688 -0.856472902 0.516179853
251.200000000 18.975909051 0.734003841 -0.071133159 0.002191660 0.001539524 0.872248067 -0.489056374
251.300000000 18.958907678 0.744469047 -0.062198405 0.000725537 0.003633892 0.890623171 -0.454726990
251.400000000 18.944632054 0.756541943 -0.076951823 -0.003160946 0.003342034 0.903877275 -0.427767121
251.500000000 18.932540565 0.767532758 -0.059758166 0.000909972 0.000849161 0.920824011 -0.389976399
251.600000000 18.928599913 0.772424240 -0.071027829 0.000373343 -0.002181535 0.931129977 -0.364680774
251.700000000 18.913849799 0.789384963 -0.059181828 0.001780765 0.003769933 0.945299806 -0.326176168
251.800000000 18.905546699 0.802603834 -0.071771040 -0.002037290 0.003166956 0.954700108 -0.297545836
251.900000000 18.897575109 0.812088898 -0.054850294 0.004810509 -0.000021445 0.965540118 -0.260209797
252.000000000 18.889505135 0.820604894 -0.061603827 0.000320315 0.001057976 0.972832565 -0.231507188
252.100000000 18.865847209 0.828831759 -0.059578882 0.006491819 0.019608188 0.977095732 -0.211795432
252.300000000 18.783786826 0.768137391 -0.066404328 0.004113608 -0.003687792 0.972993333 -0.230767094
252.400000000 18.734565100 0.725995216 -0.071440385 -0.007799301 -0.018433297 0.970825752 -0.238949250
252.600000000 18.652194848 0.703611198 -0.064543662 -0.005365999 0.004970324 0.970636237 -0.240440840
252.700000000 18.624300545 0.681242776 -0.074845930 -0.000067919 0.002583880 0.966482663 -0.256718877
254.500000000 17.966412213 0.313642056 -0.063191735 -0.007476777 0.017338406 0.963605853 -0.266659402
254.700000000 17.906424568 0.267819087 -0.066132019 -0.005261646 -0.004195860 0.964324253 -0.264638327
255.600000000 17.569949033 0.068484219 -0.049955833 -0.006573790 0.015194095 0.961303766 -0.274992716
255.800000000 17.510885991 0.026379294 -0.052241301 -0.002122269 -0.003665320 0.962628042 -0.270793860
256.200000000 17.377629017 -0.068492310 -0.037885319 -0.008386655 0.010115596 0.959802499 -0.280368512
256.300000000 17.366328220 -0.071288466 -0.052249155 -0.034791678 0.040215870 0.943603553 -0.326779067
256.400000000 17.395656248 -0.074147262 -0.050523248 0.009524424 0.022684882 0.928026842 -0.371699963
256.500000000 17.409709447 -0.068265571 -0.057159583 0.009815443 0.034074403 0.914086265 -0.403966448
256.600000000 17.422458618 -0.094490535 -0.076028664 0.001382326 0.002090946 0.901103951 -0.433595880
256.700000000 17.442078660 -0.104748400 -0.090813063 0.003418322 -0.001361331 0.883736351 -0.467970644
256.800000000 17.457691067 -0.116199836 -0.079365784 -0.000999639 0.002237504 -0.865016876 0.501736782
256.900000000 17.464107072 -0.123009676 -0.086153753 0.002757260 -0.000214858 -0.851099580 0.524997006
257.000000000 17.482287853 -0.130085882 -0.076918857 -0.000962021 0.002366119 -0.827990912 0.560735701
257.100000000 17.496990881 -0.135037953 -0.078992435 -0.000300625 0.004369916 -0.811613861 0.584177845
257.200000000 17.509082409 -0.139594649 -0.057042986 -0.001542450 -0.004055479 -0.787546618 0.616239806
257.300000000 17.516876354 -0.144617650 -0.069260192 -0.002941770 -0.003092672 -0.775741304 0.631036616
257.400000000 17.540138988 -0.178494175 -0.055934386 -0.034653132 0.008440992 -0.769913540 0.637150729
257.500000000 17.527640686 -0.232415277 -0.072808643 -0.006967362 0.011502542 -0.765788933 0.642951365
257.700000000 17.483544007 -0.334474720 -0.064007026 0.007977932 -0.002426683 -0.777621120 0.628677865
258.300000000 17.445891063 -0.585471282 -0.038372089 -0.000272477 0.020199902 -0.776057424 0.630338611
258.400000000 17.436168551 -0.615896819 -0.042912434 -0.009626441 0.000804767 -0.782229632 0.622915313
258.900000000 17.377208517 -0.828385452 -0.066090065 0.011691184 -0.009936516 -0.779936895 0.625670058
259.100000000 17.378323845 -0.901110786 -0.070387389 -0.001349479 0.004510623 -0.781796823 0.623515486
259.400000000 17.360499490 -1.034850952 -0.068552474 -0.000249956 0.022953702 -0.782117663 0.622707818
259.500000000 17.344583678 -1.063103617 -0.062581402 -0.009533741 0.000812887 -0.789551067 0.613610267
260.000000000 17.285736906 -1.272301457 -0.067439472 0.012482591 -0.010259045 -0.788003010 0.615459335
260.200000000 17.277504549 -1.344509792 -0.071809979 -0.001206325 0.005885172 -0.790450328 0.612496685
261.100000000 17.164001583 -1.715592947 -0.071299647 0.014009553 -0.011894799 -0.793185548 0.608702663
261.300000000 17.159684489 -1.789510517 -0.085774341 0.001098244 0.006446045 -0.792291012 0.610108346
262.200000000 17.047924186 -2.154852215 -0.074133636 0.012195545 -0.010574111 -0.795995813 0.605086872
262.400000000 17.036744125 -2.228604912 -0.079670159 0.000488049 0.007654973 -0.797355096 0.603461693
262.500000000 16.992577151 -2.228283794 -0.068590900 0.033327148 -0.007111654 -0.819131523 0.572592589
262.600000000 16.990124091 -2.213914114 -0.049772278 -0.003949063 -0.000445993 -0.829850416 0.557971767
262.700000000 16.978360183 -2.192817903 -0.027305341 -0.004615843 -0.001558862 -0.858310069 0.513108263
262.800000000 16.966796742 -2.177644970 -0.037100177 0.001409926 0.000681688 0.876002838 -0.482303405
262.900000000 16.962708008 -2.169525158 -0.030652413 0.015324725 -0.003166089 0.895040573 -0.445710109
263.000000000 16.950356406 -2.164196146 -0.034179206 0.002616693 0.000165705 0.907437941 -0.420177950
263.100000000 16.932157830 -2.152376883 -0.034812527 0.002590019 0.007181509 0.923407596 -0.383744875
263.200000000 16.920400001 -2.143980172 -0.032489428 -0.001481719 0.004169383 0.935786018 -0.352540705
263.300000000 16.933293509 -2.158313048 -0.017020369 0.001877460 0.002930320 0.925378777 -0.379027712
263.500000000 16.943815749 -2.169100370 -0.006899991 0.003409034 0.003275286 0.918524236 -0.395336413
263.900000000 16.919812158 -2.137180127 -0.028968950 0.001288306 0.005479983 0.941110776 -0.338051501
264.000000000 16.906199425 -2.113833830 -0.046526457 0.002727523 0.013288626 0.954255466 -0.298684580
264.100000000 16.894731496 -2.097154898 -0.064262443 -0.006567987 0.005547196 0.966516494 -0.256460441
264.200000000 16.888937304 -2.088962633 -0.071810915 -0.000379022 0.000251161 0.975616908 -0.219479937
264.300000000 16.882835145 -2.079804263 -0.060301314 -0.001225172 -0.000307533 0.982757022 -0.184897376
264.400000000 16.877369406 -2.068945121 -0.066106659 -0.001530743 0.000422145 0.986921871 -0.161191501
264.600000000 16.887632965 -2.088063453 -0.029997672 0.011188104 -0.008472775 0.984256475 -0.176188055
264.800000000 16.876401164 -2.084216414 -0.007532338 -0.001516867 0.005216590 0.983487695 -0.180893448
265.100000000 16.822941861 -2.074421625 -0.017000249 0.018808786 0.044679639 0.982183082 -0.181566385
265.300000000 16.705981585 -2.114982268 -0.085421465 -0.020248003 0.018887326 0.984874944 -0.171039856
265.400000000 16.663784369 -2.145499030 -0.097963923 -0.013540603 0.002292998 0.982102266 -0.187847101
265.500000000 16.638631564 -2.190396430 -0.093612247 -0.015536213 -0.031356998 0.981041019 -0.190614489
265.600000000 16.605790821 -2.184891633 -0.096358725 0.000286630 -0.009457234 0.984421029 -0.175572536
266.100000000 16.410886991 -2.243743885 -0.037792640 -0.009657586 0.011972717 0.983802312 -0.178595620
266.200000000 16.392791303 -2.256466714 -0.049689164 -0.011070757 -0.024104390 0.987208233 -0.157214252
266.300000000 16.395878557 -2.247771112 -0.044023278 -0.000460404 -0.038826018 0.993225254 -0.109525901
266.400000000 16.416953075 -2.218389162 -0.034690310 0.029375403 -0.024968298 0.997388869 -0.061066463
266.500000000 16.417414579 -2.208568000 -0.041037414 0.018676069 -0.020293851 0.998673712 -0.043476202
266.600000000 16.401399442 -2.177077420 -0.053800995 0.000534844 0.009092516 0.999917642 -0.009041561
266.700000000 16.400540745 -2.164158326 -0.069459200 0.009153313 0.004161379 0.999876040 0.012116276
266.800000000 16.362183221 -2.191985828 -0.044584666 0.034315610 -0.037612692 0.998642003 0.011039637
266.900000000 16.296393904 -2.206650939 -0.071381178 -0.008451734 -0.030670775 0.999377717 -0.015233217
267.100000000 16.200257334 -2.212370908 -0.068915980 0.011938899 -0.011164596 0.999799358 -0.011578355
267.300000000 16.101075890 -2.228079309 -0.087252815 -0.015322815 -0.011399265 0.999591016 -0.021285430
267.500000000 16.028402447 -2.229935805 -0.055807151 0.009458261 -0.012056509 0.999828815 -0.010369265
267.600000000 15.984271936 -2.226053220 -0.073337407 -0.008364038 -0.000185621 0.999821800 -0.016922681
267.800000000 15.897307864 -2.222082053 -0.047796151 0.005493183 -0.011499543 0.999886994 -0.007973972
268.100000000 15.762851337 -2.218903846 -0.037507760 -0.012283009 -0.021294154 0.999626621 -0.011929176
268.200000000 15.728055255 -2.211294767 -0.032756795 0.000196969 -0.008644790 0.999934978 -0.007434345
268.700000000 15.513251561 -2.225293573 -0.049754446 -0.009230953 0.006204097 0.999922494 -0.005594978
269.600000000 15.134398310 -2.240364844 -0.039673039 -0.004894789 -0.013451564 0.999869761 -0.007453712
270.100000000 14.935055091 -2.222021753 -0.035186046 -0.014210786 0.017633453 0.999735675 -0.003961769
270.200000000 14.903994176 -2.229762207 -0.034356165 0.004717378 0.012386295 0.999824768 -0.013219657
270.400000000 14.821954249 -2.238316324 -0.036326523 -0.010067644 0.004319917 0.999903983 -0.008485599
270.700000000 14.686472808 -2.252095082 -0.046288266 -0.005212556 -0.013213002 0.999868987 -0.007762330
270.900000000 14.611768533 -2.235144718 -0.053054632 -0.008886089 0.004789679 0.999923411 -0.007160229
271.300000000 14.445465171 -2.239594728 -0.044914563 0.006038222 0.011733602 0.999779223 -0.016351369
271.500000000 14.357450612 -2.244700208 -0.057540284 -0.008727509 0.004669562 0.999905534 -0.009536741
272.900000000 13.774495471 -2.272139207 -0.064197802 -0.003851736 -0.013324494 0.999854458 -0.009934008
273.100000000 13.702138043 -2.255472129 -0.060388576 -0.009985804 0.004507907 0.999898945 -0.009058847
274.900000000 12.946686425 -2.257436589 -0.035046476 -0.014595652 0.022844180 0.999466892 -0.018194586
275.000000000 12.910154960 -2.275353889 -0.023247260 -0.003503283 0.000390866 0.999751028 -0.022033080
275.600000000 12.650179202 -2.269760233 -0.039048703 -0.010762024 0.017150953 0.999615375 -0.018950619
276.100000000 12.447672746 -2.301879131 -0.022689289 -0.005837144 -0.002039353 0.999612589 -0.027137451
276.700000000 12.197249381 -2.288510017 -0.024289386 -0.012774353 0.014118446 0.999596031 -0.021101196
276.800000000 12.164121111 -2.296905519 -0.028024943 0.002569420 0.009335667 0.999531110 -0.029048292
277.200000000 11.990061027 -2.317942069 -0.052544632 -0.007166400 -0.005806580 0.999546110 -0.028679280
277.800000000 11.745187969 -2.310704176 -0.035896070 -0.012238751 0.014327410 0.999571926 -0.022380857
277.900000000 11.710859461 -2.317739362 -0.038874796 0.003854837 0.010065761 0.999481958 -0.030325519
278.400000000 11.495023092 -2.350035155 -0.046740061 -0.004439278 -0.012653419 0.999512765 -0.028185403
278.600000000 11.423376299 -2.338923863 -0.044598118 -0.008088187 0.006864280 0.999575689 -0.027127574
279.500000000 11.033909060 -2.374882558 -0.063715714 -0.004228692 -0.013261651 0.999392621 -0.031947393
279.700000000 10.955961572 -2.366221037 -0.073291404 -0.007273065 0.005022036 0.999514615 -0.029873321
280.100000000 10.791408581 -2.369544196 -0.046240903 0.006529089 0.012392936 0.999116633 -0.039619940
280.300000000 10.709924471 -2.377619840 -0.053528718 -0.009624596 0.007847575 0.999336172 -0.034249051
280.600000000 10.578123013 -2.395874476 -0.064283564 -0.004072256 -0.009235089 0.999253051 -0.037302421
281.100000000 10.363232378 -2.382165517 -0.053510582 -0.013945626 0.012358718 0.999113605 -0.037746338
281.200000000 10.332719439 -2.386973122 -0.049482884 0.006292645 0.007975623 0.998767629 -0.048579988
281.400000000 10.248231214 -2.392309826 -0.049992428 -0.009965542 0.004466228 0.999014124 -0.043029312
281.700000000 10.121489585 -2.423727680 -0.050347514 -0.004023167 -0.013304364 0.998886980 -0.045073375
282.200000000 9.915889318 -2.423993985 -0.037666223 -0.017042410 0.018869941 0.998733693 -0.043410730
282.300000000 9.883644205 -2.432971563 -0.036058024 0.006325840 0.010111612 0.998416911 -0.054967364
282.800000000 9.669025803 -2.473455146 -0.041320569 -0.003503240 -0.013033184 0.998566434 -0.051797104
283.000000000 9.596004777 -2.469822939 -0.049416401 -0.007847152 0.004671357 0.998647240 -0.051188766
283.400000000 9.439918805 -2.484958026 -0.041207642 0.005530214 0.010385691 0.998063899 -0.061073783
283.800000000 9.267850183 -2.511008973 -0.040757752 -0.006160581 -0.005014645 0.998095513 -0.061173909
284.400000000 9.012612523 -2.524652256 -0.044307356 -0.015109928 0.018135616 0.998231991 -0.054549810
284.500000000 8.986096679 -2.536322989 -0.040072249 0.004956485 0.010898383 0.997834710 -0.064672643
285.000000000 8.771564436 -2.568999255 -0.049617680 -0.003865635 -0.013129397 0.998035381 -0.061139627
285.200000000 8.690776444 -2.565595491 -0.050240895 -0.007038299 0.006243483 0.998112092 -0.060693769
286.100000000 8.317629352 -2.632030646 -0.040192852 -0.003412054 -0.012002230 0.997526321 -0.069177623
286.300000000 8.238720148 -2.631192901 -0.051924342 -0.005497002 0.007670758 0.997453388 -0.070694276
287.500000000 7.741196267 -2.625674235 -0.042729351 0.016951493 0.028922018 0.996706365 -0.073841630
287.600000000 7.684891117 -2.613774183 -0.083377065 -0.015108854 0.013250012 0.998203025 -0.056452468
287.700000000 7.626401756 -2.610412005 -0.079261850 -0.031327356 0.036737166 0.997074609 -0.059255398
287.800000000 7.610944832 -2.635534246 -0.052063422 0.000515090 0.009024196 0.997301382 -0.072857755
287.900000000 7.593645131 -2.576102771 -0.030952028 0.016508725 0.025730681 0.996912550 -0.072324002
288.000000000 7.546941450 -2.574668444 -0.046906866 -0.014446717 0.010527666 0.997961647 -0.061261828
288.200000000 7.464260501 -2.626236850 -0.036485707 0.009849723 0.017840502 0.997608423 -0.066046455
288.400000000 7.368180377 -2.663941559 -0.054166431 -0.014116196 0.015355591 0.998564274 -0.049338915
288.500000000 7.326173438 -2.675350721 -0.054841959 0.005475291 0.011889267 0.998196688 -0.058583604
288.600000000 7.288602982 -2.683529770 -0.033904703 0.015637066 0.027342626 0.997964040 -0.055458426
288.700000000 7.235425493 -2.683442431 -0.062883384 -0.011788404 0.011636735 0.999104699 -0.038928405
288.800000000 7.174019175 -2.674896233 -0.068193508 -0.023937014 0.032182528 0.998379651 -0.040365527
288.900000000 7.148452659 -2.688463896 -0.047700887 0.009132293 0.012830707 0.998238472 -0.057200758
289.100000000 7.066215184 -2.690368337 -0.055097248 -0.011208894 0.011978588 0.998743182 -0.047359582
289.300000000 6.990222296 -2.678018401 -0.033420861 0.009413026 0.018192465 0.998442548 -0.051893241
289.500000000 6.900213911 -2.664752122 -0.042197732 -0.015889285 0.018218203 0.999021305 -0.037041325
289.600000000 6.856443798 -2.669998601 -0.042053045 0.007172836 0.012786071 0.998661273 -0.049605722
289.800000000 6.771772065 -2.676554930 -0.051112379 -0.012122353 0.007373012 0.999198764 -0.037423490
289.900000000 6.716466280 -2.663762112 -0.054658275 -0.021644429 0.025869620 0.998680474 -0.038724570
290.000000000 6.684356864 -2.672971242 -0.044692981 0.007891454 0.010915592 0.998524949 -0.052597532
290.200000000 6.602119880 -2.678305646 -0.053055582 -0.010476785 0.008069177 0.998946172 -0.043950769
290.500000000 6.465800115 -2.711411969 -0.053451933 -0.003020198 -0.015480527 0.998783197 -0.046726401
290.700000000 6.391337386 -2.700761233 -0.058330661 -0.007380571 0.003577977 0.998931906 -0.045472771
291.100000000 6.227440440 -2.716143608 -0.049281500 0.006166985 0.010918212 0.998319815 -0.056571273
291.500000000 6.060910746 -2.736315787 -0.047167239 -0.005587876 -0.004880473 0.998344338 -0.057039813
292.100000000 5.812036960 -2.752631633 -0.041865418 -0.010585988 0.010784432 0.998687216 -0.048943615
292.700000000 5.568459285 -2.797689562 -0.049153498 -0.003317454 -0.014125559 0.998506770 -0.052665863
292.900000000 5.492791666 -2.793011373 -0.055749911 -0.008116262 0.002967052 0.998639510 -0.051424243
293.800000000 5.111677735 -2.845593930 -0.059679619 -0.003356723 -0.015091127 0.998235287 -0.057335002
294.000000000 5.033310838 -2.839548000 -0.069839941 -0.004024707 0.005318498 0.998362794 -0.056808861
294.900000000 4.663202484 -2.898753902 -0.055373692 -0.002792858 -0.013636464 0.997776176 -0.065183969
295.100000000 4.586065912 -2.895916500 -0.062391078 -0.004195008 0.006097054 0.997816176 -0.065636177
295.900000000 4.248684832 -2.946771581 -0.046248331 -0.004816759 -0.006898798 0.996840588 -0.078981314
296.200000000 4.147126303 -2.946837022 -0.054440697 -0.001250724 -0.004127329 0.998332167 -0.057569834
296.300000000 4.153369219 -2.931516391 -0.047438508 -0.008562017 -0.020279340 0.999757061 -0.001122053
296.400000000 4.170215007 -2.904624869 -0.048741952 0.011673535 -0.011621878 0.998951139 0.042723322
296.500000000 4.183289744 -2.893998736 -0.027945131 0.014833402 -0.018644212 0.995936555 0.086848957
296.600000000 4.184545682 -2.877925916 -0.043365974 0.003524550 -0.003744361 0.994178078 0.107626703
296.700000000 4.188269190 -2.851321985 -0.035206932 0.011169310 0.013276152 0.989161322 0.145804214
296.800000000 4.186271202 -2.833495710 -0.044419564 -0.005303211 0.014317388 0.983062039 0.182636018
296.900000000 4.186142040 -2.817449680 -0.044559099 -0.007961877 0.016652513 0.975844420 0.217685486
297.000000000 4.197283868 -2.811201351 -0.033804585 0.000771378 -0.000719893 0.968193525 0.250200291
297.100000000 4.208917581 -2.789611770 -0.040886497 0.001898244 0.001192007 0.959196459 0.282731549
297.200000000 4.197876835 -2.784753673 -0.029576187 0.011110148 -0.020195596 0.954282506 0.298016108
297.400000000 4.109389546 -2.735402967 -0.045548950 -0.008268903 -0.008993709 0.958663163 0.284280985
297.500000000 4.074336044 -2.694118943 -0.071423767 -0.001828818 0.006867503 0.957439585 0.288546244
297.600000000 4.028971420 -2.649477449 -0.074465981 -0.012191403 0.033881870 0.959081242 0.280831906
297.700000000 3.993343372 -2.649633246 -0.072699609 0.005456140 0.003786005 0.963874249 0.266274913
298.000000000 3.881438297 -2.580190874 -0.071218275 -0.005016019 0.018133231 0.963212603 0.268081156
298.100000000 3.845620939 -2.575743216 -0.046645805 -0.006704631 -0.003616351 0.963852436 0.266327713
298.700000000 3.638800556 -2.425082655 -0.029798498 -0.006056812 0.011987358 0.960691502 0.277293087
299.300000000 3.413116784 -2.297717531 -0.040026581 -0.012822847 -0.016144003 0.958116169 0.285636750
299.500000000 3.350758328 -2.248060249 -0.045616808 -0.002573405 0.006941052 0.959291753 0.282319912
300.000000000 3.166718162 -2.129018990 -0.048931572 -0.011799718 -0.009129055 0.957914492 0.286665750
300.200000000 3.101474487 -2.074796124 -0.060298438 -0.002786145 0.009116493 0.957204173 0.289256458
300.400000000 3.021206310 -2.035157255 -0.059627426 -0.007991131 -0.012367579 0.955084707 0.295966869
300.600000000 2.964022477 -1.987655078 -0.048368963 -0.004298905 0.006649423 0.956201692 0.292601484
301.500000000 2.629062174 -1.785795576 -0.056550650 -0.009398024 -0.012639427 0.953889019 0.299745994
301.700000000 2.574463160 -1.727903739 -0.064027960 -0.008022965 0.005331092 0.954552969 0.297885617
302.600000000 2.244133837 -1.516166975 -0.051654179 -0.008904065 -0.012607829 0.952192410 0.305108791
302.800000000 2.196270924 -1.460708174 -0.054930872 -0.005853716 0.007372514 0.952863871 0.303252080
303.700000000 1.876561440 -1.237554672 -0.056339347 -0.010687413 -0.014782673 0.950491736 0.310213977
303.900000000 1.820100925 -1.184530829 -0.061448591 -0.001559224 0.006000862 0.951958766 0.306163462
304.800000000 1.498137108 -0.958853688 -0.056466575 -0.006474027 -0.010513856 0.948265218 0.317239060
305.000000000 1.445942142 -0.907903206 -0.053767078 -0.003794108 0.007222429 0.949367421 0.314062001
305.900000000 1.125579551 -0.680766217 -0.057528056 -0.012168662 -0.014706965 0.947207725 0.320051798
306.100000000 1.070838523 -0.626171944 -0.059530443 -0.001965760 0.006949295 0.948727682 0.316012071
307.000000000 0.757143347 -0.394207594 -0.055448865 -0.010409969 -0.012987821 0.946043418 0.323612115
307.200000000 0.704586092 -0.337590915 -0.061929801 -0.003009572 0.006633894 0.946608459 0.322303211
308.100000000 0.388115330 -0.105827870 -0.056231433 -0.008589823 -0.011260847 0.944025557 0.329568136
308.300000000 0.387967367 -0.060839216 -0.058698786 -0.010396674 0.035889986 0.949414712 0.311794039
308.400000000 0.409539332 -0.089692852 -0.050834703 -0.002394113 0.008211691 0.954434559 0.298297686
